12.580
9.663
25.212
12.563
12.443
12.546
12.375
11.242
12.392
12.546
12.375
12.203
12.580
12.220
12.821
10.950
12.632
12.495
12.615
12.598
12.512
12.632
12.426
12.443
12.443
12.443
12.186
12.357
12.889
12.392
12.718
10.315
12.478
12.220
10.555
12.254
12.409
12.632
12.254
12.512
12.357
12.254
12.220
12.632
12.632
12.598
12.718
12.512
12.615
12.598
12.683
12.941
12.649
12.460
12.598
12.838
12.821
13.010
13.113
13.010
12.718
12.855
12.855
12.752
11.207
12.752
12.718
13.216
12.769
11.122
12.769
13.490
12.460
12.580
12.563
12.855
12.048
12.580
12.615
12.375
12.615
12.683
12.495
12.735
12.632
12.632
12.546
12.718
12.615
12.649
12.838
12.563
12.786
12.649
12.683
12.804
12.632
11.928
12.598
12.615
12.735
12.752
12.718
13.473
12.907
12.769
12.889
12.683
12.580
12.649
12.786
12.495
12.718
12.735
11.207
12.701
12.804
12.804
12.821
13.027
12.804
13.198
12.718
13.164
12.632
12.683
12.855
11.619
12.735
12.804
12.683
12.786
12.821
12.512
11.207
13.078
12.718
12.701
12.666
12.683
12.615
12.478
13.353
13.301
11.448
12.529
12.529
12.855
12.786
12.529
